 77  77  78  78  78  78  76  76  70  70  61  61  52  52  46  46  45  45  46  46  48  48  48  48  48  48  47  47  45  45  44  44
 77  77  78  78  78  78  76  76  70  70  61  61  52  52  46  46  45  45  46  46  48  48  48  48  48  48  47  47  45  45  44  44
 84  84  82  82  78  78  71  71  62  62  52  52  44  44  39  39  36  36  37  37  37  37  37  37  36  36  35  35  33  33  33  33
 84  84  82  82  78  78  71  71  62  62  52  52  44  44  39  39  36  36  37  37  37  37  37  37  36  36  35  35  33  33  33  33
111 111 104 104  93  93  80  80  67  67  56  56  48  48  45  45  39  39  39  39  37  37  36  36  34  34  33  33  32  32  31  31
111 111 104 104  93  93  80  80  67  67  56  56  48  48  45  45  39  39  39  39  37  37  36  36  34  34  33  33  32  32  31  31
148 148 138 138 122 122 104 104  87  87  75  75  68  68  65  65  56  56  54  54  50  50  47  47  44  44  43  43  43  43  43  43
148 148 138 138 122 122 104 104  87  87  75  75  68  68  65  65  56  56  54  54  50  50  47  47  44  44  43  43  43  43  43  43
170 170 160 160 143 143 123 123 105 105  92  92  84  84  80  80  70  70  66  66  60  60  54  54  50  50  49  49  50  50  51  51
170 170 160 160 143 143 123 123 105 105  92  92  84  84  80  80  70  70  66  66  60  60  54  54  50  50  49  49  50  50  51  51
178 178 170 170 157 157 140 140 123 123 109 109  99  99  94  94  84  84  78  78  70  70  62  62  57  57  55  55  57  57  58  58
178 178 170 170 157 157 140 140 123 123 109 109  99  99  94  94  84  84  78  78  70  70  62  62  57  57  55  55  57  57  58  58
194 194 190 190 182 182 170 170 156 156 142 142 130 130 123 123 113 113 106 106  96  96  86  86  80  80  79  79  81  81  83  83
194 194 190 190 182 182 170 170 156 156 142 142 130 130 123 123 113 113 106 106  96  96  86  86  80  80  79  79  81  81  83  83
216 216 214 214 210 210 202 202 190 190 175 175 162 162 154 154 144 144 136 136 125 125 115 115 108 108 107 107 109 109 112 112
216 216 214 214 210 210 202 202 190 190 175 175 162 162 154 154 144 144 136 136 125 125 115 115 108 108 107 107 109 109 112 112
184 184 183 183 173 173 203 203 232 232 221 221 200 200 170 170 170 170 164 164 160 160 145 145 117 117 122 122  96  96 118 118
184 184 183 183 173 173 203 203 232 232 221 221 200 200 170 170 170 170 164 164 160 160 145 145 117 117 122 122  96  96 118 118
 83  83  82  82  35  35  27  27  39  39  18  18  37  37  88  88 114 114 106 106  92  92  90  90  62  62 103 103 125 125 106 106
 83  83  82  82  35  35  27  27  39  39  18  18  37  37  88  88 114 114 106 106  92  92  90  90  62  62 103 103 125 125 106 106
 67  67  45  45  14  14  11  11  16  16  29  29  40  40   9   9  30  30  19  19  22  22  80  80  43  43  15  15  32  32  32  32
 67  67  45  45  14  14  11  11  16  16  29  29  40  40   9   9  30  30  19  19  22  22  80  80  43  43  15  15  32  32  32  32
 36  36  35  35  44  44  46  46  25  25  47  47  66  66   5   5  16  16  42  42  20  20  22  22  12  12  31  31  33  33  20  20
 36  36  35  35  44  44  46  46  25  25  47  47  66  66   5   5  16  16  42  42  20  20  22  22  12  12  31  31  33  33  20  20
 27  27  49  49  52  52  55  55  40  40  21  21  33  33  36  36  17  17  26  26  30  30  25  25   5   5  22  22  11  11  32  32
 27  27  49  49  52  52  55  55  40  40  21  21  33  33  36  36  17  17  26  26  30  30  25  25   5   5  22  22  11  11  32  32
 51  51  55  55  43  43  43  43  33  33  20  20  25  25  12  12  11  11   4   4  43  43  65  65  55  55 102 102  89  89  76  76
 51  51  55  55  43  43  43  43  33  33  20  20  25  25  12  12  11  11   4   4  43  43  65  65  55  55 102 102  89  89  76  76
 49  49  52  52  41  41  27  27   3   3  13  13  52  52  48  48 154 154  65  65  35  35  94  94 114 114 139 139 132 132 127 127
 49  49  52  52  41  41  27  27   3   3  13  13  52  52  48  48 154 154  65  65  35  35  94  94 114 114 139 139 132 132 127 127
 15  15  31  31   7   7  14  14  32  32  15  15  42  42 100 100  55  55  77  77  40  40  41  41  38  38  59  59  57  57  27  27
 15  15  31  31   7   7  14  14  32  32  15  15  42  42 100 100  55  55  77  77  40  40  41  41  38  38  59  59  57  57  27  27
