 67  65  64  67  71  70  64  58  69  65  59  53  48  45  44  44  30  31  35  40  45  49  53  55  50  50  50  50  50  50  50  50
 63  60  59  61  64  62  56  49  54  50  45  40  36  34  34  34  20  22  24  27  31  34  36  38  39  39  39  39  39  39  39  39
 68  65  62  63  64  61  53  46  43  40  36  32  29  28  29  30  19  19  20  20  21  22  23  23  26  26  26  26  26  26  26  26
 85  81  77  75  74  69  59  51  46  44  40  36  34  34  35  36  28  27  26  25  24  22  21  21  19  19  19  19  19  19  19  19
103  98  92  88  85  77  66  57  53  50  46  42  39  38  39  39  35  34  32  30  27  25  23  22  20  20  20  20  20  20  20  20
120 114 107 101  95  85  73  63  58  55  49  43  39  36  36  36  35  34  32  30  27  25  23  22  24  24  24  24  24  24  24  24
141 134 125 118 110  99  85  75  66  62  55  47  41  36  34  34  35  34  33  31  30  28  27  26  27  27  27  27  27  27  27  27
159 152 142 134 125 114  99  88  76  71  62  53  45  40  37  36  38  38  37  36  35  34  33  33  27  27  27  27  27  27  27  27
167 166 163 155 141 124 107  97  99  91  78  65  57  53  54  55  45  38  32  33  38  42  39  34  34  32  29  26  26  27  30  31
172 166 157 147 138 132 128 126 101  94  81  69  60  56  56  57  62  61  58  52  46  42  41  41  40  38  35  33  33  34  37  39
192 184 172 158 147 141 138 138 113 106  95  83  74  70  68  68  52  59  63  58  49  44  48  54  48  46  44  42  43  45  47  49
198 194 187 178 167 156 148 143 131 125 115 105  96  90  87  86  57  62  66  65  60  57  57  60  57  55  53  52  53  56  59  61
185 185 184 181 177 171 165 161 145 141 133 123 114 107 103 101  96  93  89  88  86  80  69  61  67  66  65  64  66  69  72  75
194 191 187 183 178 174 172 170 159 156 149 141 132 124 118 115 112 107 104 106 108 103  90  78  83  82  81  81  83  87  91  93
210 211 211 208 201 192 183 178 181 178 173 165 156 148 140 136 118 121 124 127 127 121 112 106 102 101 100 101 103 107 111 114
206 216 229 238 237 225 209 197 201 199 194 187 178 169 161 157 146 154 161 158 145 132 125 124 116 115 114 115 117 122 126 129
233 235 220 230 253 234 220 252 233 247 249 246 234 200 178 188 179 168 163 162 152 137 140 153 143 137 132 136 146 148 134 116
176 137 116 146 153 106 130 234   3 203 213 136 155 230 157 157 190 189 190 187 174 159 153 155 147 151 149 139 127 123 127 133
 62 100 102  74  53  38  49  88 106  57  42   3  39 120 106  93 164 167 163 149 135 128 125 122  54  82 117 136 136 129 130 136
 55 103 100  49  21  18  15  15   5   8   3  32  22  10  63  81  78  81  69  48  44  64  83  88   0  15  48  87 111 114 111 110
 76  79  59  33  26  25  20  19  28 252  10  30  37  28   7  18  29  34  26  14  24  61  95 110  65  39  22  28  41  49  57  67
 54  46  27  16  26  36  23   1 255  35  70  32   7   8 251  28   5  10  11   8  15  34  55  67  80  55  37  33  27  16  21  37
 59  26  11  25  32  23  19  22  17  72  57  43  45  17   9  18  19  20  24  27  22  15  17  23  28  23  33  51  46  24  19  31
 43  28  32  47  48  41  41  44  51  45  13  55 117  70   9  16  25  22  28  37  31  15  12  21  19   5   9  28  31  18  20  38
 32  24  42  47  46  47  48  75  53   7  38  34  21  47  32  23  18 253  24  17   7  32  18 247  10 253   1  14  13  12  27  43
 30  29  49  50  47  49  45  62  25  19  35  33  31  46  35  11   4  27  46  38  43  53  41  39  27  60  50  17  11  15  19  35
 62  54  57  45  46  55  40  37  62  51  14  10  22  14   9   5  15  21 252  15  60  53  54  91  68  81  93  60  11  14  21 247
 53  44  49  44  61  80  53  31  17  24   3  10  50  40  12  25  11  22  19  14 252  28  80  50  33  28 110 181 166 161 165 128
 30  35  53  50  58  65  33  11  15   6   0  23 114 118  22  11 131  72  66  67  20  87 176 103 139 190 211 179 179 231 238 187
 38  43  55  34  15  12   2   9   2   3  23  18  31   7   7 146   0 159  67  43  39  43  55  43  59  51  92 132 103  50  38  49
 36  27  33  17   3   5   8  33  21  14  12  11  13 250  61 240  89 110  71  23  41  39  11  34  46  26  80 139 101  37  23  30
 36  17  26  31  33  27   7  14  25  44  18  18  46  32  29  67  27  41  93  85  58  69  64  60  49  65  45  23  36  49  55  73
