 80  80  83  83  86  86  87  87  84  84  79  79  72  72  68  68  60  60  61  61  62  62  61  61  60  60  58  58  55  55  54  54
 80  80  83  83  86  86  87  87  84  84  79  79  72  72  68  68  60  60  61  61  62  62  61  61  60  60  58  58  55  55  54  54
 89  89  88  88  86  86  82  82  77  77  70  70  64  64  61  61  52  52  52  52  52  52  51  51  49  49  47  47  45  45  43  43
 89  89  88  88  86  86  82  82  77  77  70  70  64  64  61  61  52  52  52  52  52  52  51  51  49  49  47  47  45  45  43  43
118 118 112 112 103 103  93  93  83  83  75  75  69  69  67  67  56  56  55  55  53  53  51  51  48  48  46  46  44  44  43  43
118 118 112 112 103 103  93  93  83  83  75  75  69  69  67  67  56  56  55  55  53  53  51  51  48  48  46  46  44  44  43  43
156 156 147 147 133 133 116 116 102 102  93  93  87  87  85  85  73  73  71  71  66  66  62  62  58  58  55  55  54  54  54  54
156 156 147 147 133 133 116 116 102 102  93  93  87  87  85  85  73  73  71  71  66  66  62  62  58  58  55  55  54  54  54  54
177 177 168 168 152 152 134 134 118 118 107 107 100 100  97  97  85  85  81  81  74  74  67  67  62  62  60  60  59  59  60  60
177 177 168 168 152 152 134 134 118 118 107 107 100 100  97  97  85  85  81  81  74  74  67  67  62  62  60  60  59  59  60  60
183 183 175 175 163 163 147 147 132 132 119 119 110 110 106 106  95  95  89  89  80  80  70  70  64  64  62  62  63  63  64  64
183 183 175 175 163 163 147 147 132 132 119 119 110 110 106 106  95  95  89  89  80  80  70  70  64  64  62  62  63  63  64  64
196 196 192 192 185 185 174 174 161 161 147 147 136 136 129 129 119 119 112 112 101 101  91  91  84  84  81  81  82  82  84  84
196 196 192 192 185 185 174 174 161 161 147 147 136 136 129 129 119 119 112 112 101 101  91  91  84  84  81  81  82  82  84  84
215 215 214 214 211 211 203 203 191 191 177 177 164 164 157 157 148 148 140 140 128 128 117 117 109 109 107 107 108 108 110 110
215 215 214 214 211 211 203 203 191 191 177 177 164 164 157 157 148 148 140 140 128 128 117 117 109 109 107 107 108 108 110 110
184 184 183 183 173 173 203 203 232 232 221 221 200 200 170 170 167 167 160 160 157 157 143 143 114 114 120 120  94  94 116 116
184 184 183 183 173 173 203 203 232 232 221 221 200 200 170 170 167 167 160 160 157 157 143 143 114 114 120 120  94  94 116 116
 83  83  82  82  35  35  27  27  39  39  18  18  37  37  88  88 114 114 106 106  92  92  90  90  63  63 103 103 125 125 107 107
 83  83  82  82  35  35  27  27  39  39  18  18  37  37  88  88 114 114 106 106  92  92  90  90  63  63 103 103 125 125 107 107
 67  67  45  45  14  14  11  11  16  16  29  29  40  40   9   9  34  34  23  23  26  26  83  83  46  46  19  19  35  35  35  35
 67  67  45  45  14  14  11  11  16  16  29  29  40  40   9   9  34  34  23  23  26  26  83  83  46  46  19  19  35  35  35  35
 36  36  35  35  44  44  46  46  25  25  47  47  66  66   5   5  24  24  49  49  26  26  27  27  17  17  35  35  36  36  24  24
 36  36  35  35  44  44  46  46  25  25  47  47  66  66   5   5  24  24  49  49  26  26  27  27  17  17  35  35  36  36  24  24
 27  27  49  49  52  52  55  55  40  40  21  21  33  33  36  36  24  24  32  32  35  35  29  29   8   8  23  23  11  11  31  31
 27  27  49  49  52  52  55  55  40  40  21  21  33  33  36  36  24  24  32  32  35  35  29  29   8   8  23  23  11  11  31  31
 51  51  55  55  43  43  43  43  33  33  20  20  25  25  12  12  14  14   6   6  44  44  63  63  51  51  97  97  82  82  68  68
 51  51  55  55  43  43  43  43  33  33  20  20  25  25  12  12  14  14   6   6  44  44  63  63  51  51  97  97  82  82  68  68
 49  49  52  52  41  41  27  27   3   3  13  13  52  52  48  48 151 151  61  61  29  29  86  86 103 103 127 127 118 118 112 112
 49  49  52  52  41  41  27  27   3   3  13  13  52  52  48  48 151 151  61  61  29  29  86  86 103 103 127 127 118 118 112 112
 15  15  31  31   7   7  14  14  32  32  15  15  42  42 100 100  48  48  69  69  30  30  28  28  23  23  41  41  37  37   6   6
 15  15  31  31   7   7  14  14  32  32  15  15  42  42 100 100  48  48  69  69  30  30  28  28  23  23  41  41  37  37   6   6
